7
8
12
17
18
19
22
23
24
27
31
41
44
45
46
47
63
72
74
78
83
88
95
98
101
104
105
108
109
110
111
114
118
120
122
125
127
131
132
133
134
140
141
145
150
153
157
158
159
161
164
165
166
168
169
176
182
184
186
187
193
196
202
206
207
208
216
217
221
225
226
243
246
247
252
253
256
262
264
265
269
270
272
273
274
275
277
278
280
283
284
287
288
289
297
298
299
302
303
304
305
306
312
313
316
318
321
328
331
336
348
350
353
355
356
361
370
377
378
379
381
385
386
387
390
391
399
401
405
406
407
416
418
420
421
423
425
427
429
430
433
434
436
438
441
442
447
448
453
454
458
461
462
471
473
478
484
486
489
491
492
494
495
497
498
499
500
501
504
508
512
513
517
522
525
527
528
529
531
532
535
536
539
541
542
543
545
554
557
558
559
561
562
564
566
571
574
576
577
583
587
588
590
591
594
595
597
601
603
607
608
615
617
618
622
626
630
632
633
634
635
637
639
642
644
647
648
650
654
656
658
659
660
661
662
663
670
671
672
673
674
675
678
679
685
687
688
689
691
693
697
699
700
702
703
705
706
712
714
716
719
727
732
743
744
745
748
749
754
756
757
758
761
766
767
769
770
771
772
773
774
776
777
778
779
780
784
785
788
791
793
798
802
804
809
814
815
816
818
820
836
837
843
847
850
854
860
861
864
865
867
869
870
871
874
875
877
879
880
881
889
894
900
901
902
906
911
912
913
915
919
921
922
924
925
926
933
936
937
942
943
945
947
949
951
954
955
956
957
961
963
964
967
968
972
973
974
977
983
984
985
986
991
992
993
1001
1004
1008
1010
1013
1015
1016
1018
1020
1021
1025
1026
1032
1033
1035
1045
1050
1051
1052
1053
1061
1064
1067
1075
1076
1080
1082
1088
1089
1090
1091
1092
1093
1094
1096
1098
1100
1101
1103
1104
1106
1107
1108
1111
1113
1115
1116
1118
1119
1120
1122
1126
1128
1134
1140
1141
1144
1145
1150
1152
1153
1154
1157
1158
1159
1160
1161
1163
1167
1169
1172
1174
1176
1177
1178
1180
1181
1186
1187
1188
1190
1191
1192
1194
1197
1198
1207
1208
1211
1215
1220
1225
1239
1240
1241
1246
1247
1249
1252
1253
1256
1258
1263
1264
1267
1269
1272
1274
1277
1278
1289
1294
1296
1298
1302
1313
1319
1320
1321
1323
1325
1326
1327
1337
1338
1340
1341
1342
1346
1349
1350
1351
1355
1356
1359
1360
1362
1363
1365
1366
1371
1375
1376
1377
1379
1380
1381
1384
1385
1386
1390
1391
1394
1395
1396
1398
1400
1402
1405
1409
1410
1415
1419
1426
1428
1429
1432
1435
1440
1441
1443
1444
1450
1451
1453
1454
1461
1462
1468
1469
1470
1473
1481
1484
1494
1502
1503
1506
1509
1521
1523
1525
1527
1532
1533
1534
1535
1537
1540
1541
1546
1553
1554
1555
1556
1560
1565
1571
1578
1580
1587
1589
1590
1591
1593
1595
1602
1608
1616
1617
1618
1619
1622
1625
1626
1634
1643
1650
1661
1662
1665
1666
1667
1674
1675
1676
1680
1681
1683
1689
1699
1701
1703
1704
1706
1712
1713
1714
1716
1717
1718
1720
1723
1724
1731
1734
1739
1742
1744
1748
1750
1752
1753
1755
1758
1760
1761
1762
1763
1764
1765
1766
1767
1768
1769
1770
1772
1773
1774
1775
1776
1777
1778
1779
1780
1783
1784
1785
1786
1794
1799
1800
1802
1808
1812
1815
1828
1830
1831
1832
1833
1837
1838
1839
1840
1841
1842
1844
1847
1848
1853
1857
1859
1862
1863
1866
1869
1872
1876
1879
1882
1885
1896
1897
1899
1901
1905
1924
1928
1930
1955
1967
1981
1982
1983
1984
1985
1987
1989
1991
2002
2005
2006
2007
2008
2011
2013
2019
2020
2021
2022
2031
2033
2034
2035
2037
2038
2039
2040
2041
2046
2047
2050
2053
2054
2055
2056
2060
2066
2068
2073
2074
2075
2076
2077
2080
2087
2090
2092
2093
2094
2095
2096
2097
2098
2099
2100
2102
2103
2107
2110
2111
2112
2122
2123
2125
2126
2127
2128
2130
2132
2133
2134
2140
2142
2143
2147
2149
2153
2154
2155
2157
2160
2161
2163
2168
2170
2171
2173
2174
2176
2177
2180
2181
2182
2183
2190
2191
2192
2198
2199
2200
2201
2202
2207
2212
2213
2214
2216
2218
2220
2222
2225
2226
2229
2235
2240
2241
2243
2245
2247
2248
2249
2252
2256
2259
2268
2273
2288
2295
2297
2298
2304
2305
2307
2308
2322
2332
2349
2352
2354
2359
2369
2372
2375
2376
2377
2384
2392
2393
2412
2415
2424
2434
2448
2449
2453
2461
2466
2470
2471
2472
2473
2474
2477
2478
2481
2484
2485
2486
2487
2489
2490
2500
2502
2507
2513
2515
2525
2542
2546
2550
2559
2562
2563
2567
2574
2575
2576
2585
2597
2603
2605
2607
2611
2612
2622
2627
2628
2631
2633
2634
2638
2641
2642
2646
2647
2648
2649
2650
2652
2653
2654
2655
2656
2657
2658
2659
2660
2662
2663
2664
2665
2667
2669
2673
2678
2681
2682
2684
2685
2689
2691
2692
2696
2698
2700
2701
2702
2704
2705
2707
2708
2709
2713
2714
2717
2720
2722
2724
2727
2730
2734
2735
2736
2738
2741
2744
2745
2746
2748
2750
2751
2753
2754
2756
2757
2760
2765
2768
2769
2771
2773
2782
2787
2789
2790
2797
2803
2809
2821
2822
2827
2829
2830
2854
2855
2856
2858
2862
2869
2874
2883
2884
2894
2897
2902
2905
2921
2924
2926
2935
2949
2955
2969
2972
2973
2981
2983
2984
2986
2995
3010
3011
3012
3013
3014
3015
3016
3017
3018
3020
3021
3022
3023
3024
3025
3026
3027
3028
3029
3030
3031
3032
3033
3034
3035
3036
3037
3038
3039
3040
3041
3042
3043
3044
3045
3046
3047
3048
3049
3050
3051
3052
3053
3054
3055
3056
3057
3058
3059
3060
3061
3062
3063
3064
3065
3066
3067
3068
3069
3070
3071
3072
3073
3074
3075
3076
3077
3078
3079
